0 698
0 580
0 835
0 206
0 976
0 519
0 886
0 905
0 457
0 378
0 305
0 283
0 237
0 145
1 992
1 322
1 242
1 407
1 719
1 169
1 548
1 849
1 936
2 683
2 469
2 468
2 527
2 577
2 365
2 379
2 320
2 981
3 413
3 86
3 529
3 632
3 452
3 760
3 140
3 458
3 37
3 234
4 352
4 391
4 807
4 552
4 22
4 952
4 472
4 977
5 457
5 883
5 26
5 292
5 675
5 714
5 479
5 512
6 798
6 117
6 854
6 676
6 451
6 596
6 895
6 619
6 303
6 689
6 876
6 32
6 223
7 413
7 153
7 772
7 537
7 211
7 498
7 213
7 304
7 611
7 49
7 414
7 965
8 117
8 550
8 421
8 778
8 130
8 239
8 713
8 235
8 604
8 198
9 315
9 17
9 769
9 179
9 650
9 922
10 285
10 310
10 118
10 366
10 888
10 175
10 664
10 924
10 379
10 560
10 187
10 792
10 246
10 831
10 513
10 571
11 791
11 408
11 519
11 553
11 118
11 838
11 423
11 12
11 648
11 672
12 125
12 332
12 980
12 809
12 225
12 510
12 315
12 23
13 967
13 71
13 628
13 552
13 937
13 418
13 818
13 998
13 651
13 148
13 975
14 197
14 538
14 342
14 453
14 118
14 464
14 771
14 980
14 480
14 200
14 599
15 797
15 728
15 451
15 31
15 811
15 302
15 99
15 419
15 874
16 685
16 588
16 321
16 286
16 749
16 375
16 251
16 188
16 276
16 76
16 634
17 833
17 665
17 489
17 490
17 925
17 954
17 314
17 415
17 280
17 356
17 569
18 771
18 681
18 602
18 504
18 39
18 168
18 515
18 83
18 411
18 236
19 499
19 946
19 654
19 538
19 834
19 567
19 911
20 684
20 638
20 693
20 611
20 345
20 94
20 443
20 669
20 830
20 814
20 844
20 663
21 706
21 859
21 885
21 928
21 940
21 379
21 243
21 762
21 565
21 597
21 791
21 796
21 438
22 58
22 991
22 182
22 947
22 969
22 979
22 731
23 243
23 796
23 675
23 803
23 444
23 699
23 463
23 224
23 780
23 197
24 779
24 129
24 944
24 173
25 358
25 937
25 52
25 945
25 690
25 588
25 658
25 930
25 374
25 63
25 223
25 406
25 367
25 977
25 602
26 420
26 845
26 618
26 79
26 680
26 472
26 914
26 106
26 132
26 247
27 736
27 340
27 630
27 709
27 969
27 65
28 188
28 56
28 945
28 790
28 557
28 867
28 979
28 272
28 233
29 35
29 343
29 473
29 462
29 490
29 608
29 200
30 602
30 670
30 551
30 546
30 804
30 674
30 932
30 329
30 202
30 654
30 989
31 681
31 472
31 153
31 655
31 969
31 668
31 603
31 988
31 770
32 46
32 738
32 698
32 907
32 901
32 895
32 121
32 978
33 89
33 624
33 245
33 661
33 976
33 690
33 319
33 649
33 605
33 446
33 480
34 908
34 860
34 78
34 577
34 553
34 326
34 155
34 349
34 322
35 752
35 570
35 727
35 762
35 498
35 115
35 222
35 699
35 948
35 205
35 969
35 731
35 465
35 392
35 826
35 136
35 895
35 543
35 898
36 756
36 910
36 620
36 995
36 702
36 320
36 217
36 230
36 333
36 683
36 74
36 173
36 560
36 436
36 812
36 497
37 446
37 430
37 468
37 81
37 674
37 719
37 518
37 648
37 678
37 160
38 483
38 47
38 539
38 92
38 438
38 850
39 454
39 48
39 831
39 432
39 805
39 586
39 827
39 986
39 947
39 94
40 752
40 226
40 697
40 381
40 572
40 347
40 430
40 103
40 69
41 237
41 530
41 212
41 296
41 970
41 121
41 990
41 965
41 914
41 738
41 111
41 221
41 539
41 989
41 986
41 440
42 743
42 124
42 463
42 477
42 351
42 490
42 392
42 286
42 277
42 932
42 686
42 922
42 74
42 920
42 819
43 308
43 962
43 147
43 153
43 168
43 814
44 952
44 293
45 594
45 199
45 62
45 493
45 200
45 84
45 327
45 151
45 581
45 888
46 341
46 388
46 642
46 242
46 246
46 749
46 859
46 922
46 276
46 912
46 103
47 644
47 582
47 637
47 856
47 294
47 922
47 68
47 186
48 401
48 621
48 924
48 518
48 327
48 549
48 874
48 432
48 483
48 656
49 73
49 505
49 702
49 102
49 529
49 846
49 736
49 113
49 881
49 963
49 323
49 407
50 700
50 552
50 186
50 948
50 984
50 891
50 360
50 666
50 146
50 339
51 443
51 749
51 210
51 131
51 576
51 254
51 952
51 821
51 199
51 909
51 194
51 989
51 285
52 906
52 268
52 388
52 969
52 320
52 148
52 743
52 724
52 699
52 161
52 321
52 544
53 569
53 246
53 842
53 734
53 783
53 392
53 328
53 185
54 502
54 750
54 147
54 192
54 322
55 72
55 723
55 126
55 478
55 985
55 565
55 618
55 852
55 726
56 928
56 78
56 92
56 871
56 580
56 336
56 452
56 649
56 674
56 788
56 380
57 512
57 373
57 115
57 88
57 125
57 384
57 498
57 402
57 508
57 225
57 299
57 127
58 364
58 861
58 332
58 422
58 937
58 996
58 787
59 406
59 258
59 238
59 779
59 261
59 315
59 256
59 776
59 190
60 399
60 837
60 711
60 928
60 557
60 546
60 160
60 576
60 859
60 288
60 746
61 512
61 715
61 232
61 723
61 87
61 388
61 317
61 516
61 719
61 954
61 638
62 113
62 852
62 283
62 229
62 217
62 930
62 241
62 792
62 817
62 954
62 765
63 643
63 425
63 600
63 181
63 711
63 170
63 490
63 123
63 391
63 130
64 157
64 457
64 738
64 267
64 783
64 995
64 134
64 124
65 719
65 568
65 471
65 704
65 869
65 311
65 89
65 418
65 503
65 657
65 123
65 346
66 652
66 707
66 926
66 78
66 302
66 792
66 840
66 351
66 757
66 970
66 884
66 659
66 114
66 936
67 210
67 710
67 430
67 253
67 903
67 88
67 481
67 785
67 788
67 855
67 857
68 816
68 627
68 878
68 295
69 995
69 979
69 388
69 935
69 750
69 290
69 215
69 212
69 938
69 885
70 122
70 156
70 551
70 803
70 701
70 419
70 103
71 828
71 739
71 707
71 796
71 376
71 988
71 393
71 687
71 748
71 522
71 115
71 425
72 544
72 821
72 867
72 608
72 977
72 159
72 254
72 593
72 880
72 987
72 743
72 523
72 928
72 811
73 898
73 183
73 627
73 829
73 159
73 194
73 88
74 92
74 257
74 594
74 402
74 381
74 302
74 628
75 656
75 900
75 163
75 526
75 816
75 911
75 700
75 393
75 328
75 130
75 944
75 509
75 500
76 227
76 981
76 100
76 388
76 309
76 945
77 711
77 167
77 796
77 698
77 78
77 777
77 981
77 700
77 586
77 647
77 148
77 201
78 876
78 305
78 435
78 644
78 160
78 937
78 940
78 779
78 884
78 733
78 399
79 472
79 601
79 353
79 889
79 440
79 788
79 398
80 983
80 479
80 626
80 959
80 327
80 146
80 528
80 765
80 973
80 420
81 251
81 486
81 359
81 454
81 307
81 646
81 367
81 442
82 667
82 743
82 658
82 486
82 753
82 798
82 547
82 354
82 175
82 394
82 215
82 440
83 479
83 362
83 568
83 745
83 974
83 774
83 891
83 232
83 147
84 844
84 767
84 622
84 109
84 495
84 628
84 646
84 119
84 353
85 486
85 212
85 851
85 496
85 295
85 598
85 540
85 117
85 446
85 182
85 680
85 814
85 840
86 739
86 408
86 687
86 638
86 831
87 691
87 383
87 570
87 742
87 726
87 398
87 241
87 318
87 715
87 988
87 342
88 715
88 183
88 849
88 737
88 656
88 917
88 622
88 443
88 526
89 926
89 856
89 134
89 987
89 848
89 375
89 879
89 553
89 498
89 215
90 97
90 847
90 742
90 277
90 899
90 488
90 664
90 710
90 619
91 939
91 265
91 284
91 329
91 910
91 708
91 991
91 658
92 485
92 142
92 395
92 657
92 742
92 169
92 665
92 369
92 684
93 778
93 699
93 849
93 529
93 900
93 791
93 633
93 108
94 830
94 105
94 597
94 679
94 589
95 297
95 604
95 281
95 406
95 867
95 595
95 427
96 726
96 678
96 786
96 422
96 890
96 430
97 944
98 452
98 606
98 926
98 307
98 203
98 789
98 254
98 924
99 317
99 984
99 532
99 461
99 847
99 560
99 822
99 463
99 377
99 203
99 394
100 808
100 300
100 527
100 283
101 594
101 106
101 884
101 157
101 679
101 382
101 711
101 724
102 786
102 452
102 999
102 688
102 225
102 203
102 473
103 314
103 114
103 585
103 241
103 200
103 227
103 488
103 265
103 196
104 588
104 229
104 764
104 402
104 451
104 889
104 151
104 767
104 731
104 591
104 256
104 936
104 337
105 435
105 808
105 110
105 415
105 386
105 495
106 122
106 659
106 136
106 981
106 212
106 199
106 227
106 592
106 919
106 764
106 691
106 784
106 270
107 150
107 839
107 870
107 171
107 215
107 838
107 408
107 159
107 596
107 605
107 393
107 485
107 612
108 146
108 522
108 163
108 661
108 555
108 966
108 109
108 796
108 965
109 802
109 937
109 404
109 289
109 928
109 152
109 493
109 615
109 578
109 452
109 545
109 711
109 767
110 323
110 926
110 506
110 739
110 185
110 440
110 500
110 605
111 298
111 405
111 934
111 443
111 666
111 852
111 706
112 681
112 564
112 495
112 580
112 642
112 384
112 382
112 870
112 702
112 984
113 718
113 851
113 126
113 780
113 683
113 377
113 369
113 270
114 133
114 543
114 691
114 285
114 601
114 979
114 608
114 678
114 878
115 686
115 659
115 660
115 361
115 916
115 237
115 303
115 202
115 229
115 656
115 612
115 808
115 358
115 732
115 419
116 989
116 141
116 135
116 497
116 160
116 549
116 838
116 169
116 577
116 778
116 374
117 125
117 366
117 176
117 300
117 529
117 857
117 199
117 553
117 672
118 863
118 727
118 899
118 598
118 125
118 606
118 825
118 879
118 918
118 745
118 220
119 360
119 702
119 281
119 956
119 784
119 491
119 147
119 694
120 243
120 632
120 441
120 515
120 299
120 878
120 408
120 918
120 962
121 488
121 542
121 336
121 530
121 203
121 764
121 523
121 321
121 355
121 570
121 985
121 867
121 605
121 513
121 587
122 792
122 694
122 749
122 593
122 953
122 701
123 783
123 243
123 788
123 274
123 343
123 145
123 625
123 800
124 613
124 748
124 817
124 732
124 854
124 381
124 909
124 134
124 693
124 169
124 738
124 830
124 717
124 667
125 862
125 365
125 854
125 157
125 627
125 786
125 511
125 169
126 654
126 328
126 173
126 327
126 261
126 782
126 928
126 224
127 649
127 751
127 157
127 250
127 589
127 855
128 160
128 990
128 466
128 145
128 629
128 473
128 731
128 924
128 868
129 518
129 679
129 471
129 297
129 195
129 657
129 215
129 344
129 858
130 588
130 856
130 940
130 721
130 904
130 703
130 385
130 941
130 679
130 989
130 526
130 624
130 739
130 207
130 301
131 476
131 705
131 198
131 848
131 600
132 921
132 640
132 362
132 789
132 961
132 604
132 708
132 684
132 876
132 674
132 420
132 645
133 940
133 686
133 816
133 738
133 601
133 905
133 552
133 693
133 903
134 207
134 290
134 213
134 271
134 953
134 961
134 706
134 422
134 400
134 987
135 918
135 882
135 647
135 417
135 755
135 223
135 149
135 285
136 527
136 186
136 543
136 532
136 225
136 352
136 976
136 439
136 700
136 158
136 188
136 551
136 278
137 911
137 298
137 580
138 191
138 307
138 225
138 832
138 745
138 785
138 399
139 634
139 291
139 926
139 143
139 367
139 215
139 554
140 418
140 939
140 209
140 516
140 892
140 212
140 168
140 170
140 219
140 275
141 862
141 587
141 774
141 709
141 719
141 177
141 527
141 495
142 821
142 229
142 902
142 789
142 444
142 652
142 824
142 411
142 638
142 850
143 965
143 683
143 881
143 854
143 451
143 556
143 450
143 750
144 240
144 226
144 265
144 951
144 986
144 610
144 822
144 440
144 729
144 657
144 348
145 879
145 861
145 897
145 976
145 573
145 528
146 361
146 656
146 301
146 628
146 481
147 509
147 185
147 525
147 630
147 652
147 477
147 845
148 865
148 305
148 554
148 905
148 445
148 784
148 514
148 575
149 290
149 959
149 168
149 209
149 461
149 458
149 767
149 891
149 447
149 521
149 949
149 405
149 701
149 222
149 895
150 947
150 749
150 454
150 350
150 289
151 720
151 794
151 725
151 553
151 834
151 498
151 284
151 974
151 779
152 651
152 874
152 599
152 574
152 871
152 787
152 202
152 680
152 865
152 757
153 644
153 467
153 774
153 368
154 909
154 592
154 980
154 745
154 858
154 481
154 549
154 702
154 795
154 638
155 259
155 732
155 515
155 509
155 941
155 854
155 806
155 740
155 780
155 273
155 528
155 814
155 965
155 336
155 547
156 275
156 940
156 310
156 779
156 788
156 377
156 643
156 421
156 168
156 337
157 227
157 833
157 476
157 701
157 436
157 734
157 522
157 775
157 737
158 488
158 810
158 950
158 370
158 228
158 941
159 547
159 350
159 441
159 226
159 777
159 607
159 313
159 263
159 610
159 258
159 388
159 197
159 319
159 809
160 588
160 305
160 497
160 166
160 224
161 177
161 550
161 771
161 448
161 957
161 527
162 835
162 195
162 719
162 287
162 582
163 669
163 853
163 903
163 448
163 217
163 318
163 742
163 900
163 492
163 167
163 251
163 219
163 272
164 603
164 409
164 227
164 510
165 950
165 602
165 470
165 718
165 820
165 344
165 429
165 723
165 309
165 447
165 514
165 755
165 539
166 491
166 979
166 945
166 353
166 764
166 263
166 502
166 734
166 190
166 970
166 412
166 607
167 537
167 655
167 226
167 312
167 240
167 179
167 499
167 212
167 544
168 356
168 765
168 750
168 678
168 662
169 550
169 987
169 252
169 640
169 431
169 919
170 592
170 173
170 395
170 981
170 874
170 512
170 929
170 328
170 912
171 277
171 625
171 505
171 717
171 551
171 966
172 808
172 836
172 366
172 683
172 867
172 337
173 524
173 505
173 581
173 843
173 178
173 516
173 838
173 212
173 606
173 791
174 472
174 807
174 454
174 870
174 930
174 243
175 450
175 621
175 807
175 952
175 561
175 514
175 254
175 265
175 346
175 689
176 862
176 907
176 274
176 652
176 235
176 445
177 383
177 714
177 470
177 946
177 269
177 871
178 443
178 778
178 929
178 862
178 978
178 822
178 470
179 432
179 907
179 657
179 734
179 926
179 765
180 800
180 877
180 765
180 922
180 294
181 504
181 349
181 577
181 413
181 415
181 350
181 532
182 705
182 574
182 872
182 728
182 609
182 634
182 281
182 663
182 457
182 962
183 627
183 441
183 197
183 437
183 506
183 966
183 573
183 501
184 892
184 972
184 568
184 275
184 356
184 920
184 733
185 828
185 911
185 928
185 556
185 703
185 420
185 242
185 452
186 868
186 453
187 561
187 651
187 455
187 852
187 805
187 853
187 327
187 285
187 807
187 565
188 678
188 853
188 391
188 637
188 521
188 218
188 684
188 898
188 215
188 541
188 542
188 531
188 736
189 322
189 485
189 893
189 275
189 988
189 319
189 542
189 967
190 947
190 434
190 869
190 973
190 691
190 410
190 686
190 450
191 468
191 698
191 428
191 573
191 486
192 994
192 511
192 936
192 426
192 537
192 592
192 891
192 399
192 369
192 619
192 485
192 831
193 608
193 648
193 771
193 680
193 239
194 274
194 296
194 975
194 742
194 981
194 514
194 852
194 720
194 999
194 451
195 679
195 644
195 474
195 561
195 417
195 366
195 722
195 844
195 922
195 549
195 665
195 799
196 534
196 290
196 760
196 201
196 306
196 219
196 932
196 985
196 209
196 535
196 660
196 682
196 693
196 222
197 374
197 996
197 959
198 555
198 757
198 382
198 607
198 371
198 969
198 933
198 340
198 475
198 885
198 687
199 506
199 936
199 618
199 449
200 685
200 914
200 805
200 857
200 834
200 367
200 238
200 226
200 307
200 366
200 215
201 904
201 689
201 935
201 479
201 510
201 774
202 724
202 780
202 356
202 744
202 462
202 783
202 531
202 553
202 325
203 887
203 557
203 856
203 868
203 695
203 843
203 902
203 383
203 697
203 542
203 687
203 781
204 554
204 948
204 924
204 375
204 226
204 815
204 565
204 601
204 819
204 905
204 648
204 502
205 580
205 952
205 827
205 259
205 229
205 350
205 948
205 988
205 454
205 614
205 376
206 696
206 730
206 527
206 238
206 320
207 555
207 756
207 626
207 849
207 958
207 793
207 477
207 920
208 281
208 558
208 235
208 937
209 721
209 754
209 939
209 472
210 352
210 421
210 317
210 432
210 532
210 474
210 222
210 714
210 680
210 994
210 349
210 228
211 329
211 928
211 964
211 997
212 306
212 813
212 919
212 622
212 899
212 548
213 473
213 592
213 713
213 927
213 416
213 782
213 313
213 803
213 612
214 465
214 893
214 867
214 777
214 915
214 996
214 608
214 717
215 595
215 670
215 778
215 548
215 602
215 319
215 417
216 434
216 845
216 786
217 777
217 926
217 540
217 871
217 898
218 476
218 767
218 385
218 907
218 896
218 662
218 426
218 379
219 241
219 701
219 849
219 738
219 734
219 976
219 923
219 324
219 739
219 694
219 489
219 299
220 973
220 967
220 571
220 991
220 683
220 300
220 235
220 817
220 579
220 938
221 637
221 771
221 223
221 694
221 566
221 960
221 525
221 916
221 348
222 475
222 844
222 542
222 692
222 695
222 356
222 634
222 764
222 711
223 477
223 988
223 568
223 341
223 690
223 973
223 790
223 573
223 546
223 779
224 883
224 556
224 762
224 341
224 675
224 451
225 403
225 435
225 590
225 550
225 759
225 436
225 460
225 474
225 433
226 892
226 416
226 705
226 248
226 353
226 934
226 860
226 772
226 328
227 793
227 613
227 965
227 878
227 892
227 675
227 877
227 668
227 312
227 951
228 292
228 776
228 782
228 779
228 500
228 806
229 266
229 937
229 334
229 305
229 376
229 833
229 866
229 583
230 522
230 576
230 982
230 632
230 804
231 640
231 534
231 773
231 695
231 433
231 444
231 935
232 516
232 486
232 837
232 931
232 605
232 905
232 593
232 969
232 365
233 902
233 948
233 311
233 657
233 289
233 552
233 322
233 350
233 440
233 813
233 364
233 748
233 814
233 391
234 863
234 314
234 511
234 943
234 812
234 597
235 436
235 919
235 722
235 990
235 660
235 744
235 829
236 634
236 513
236 562
236 851
236 270
236 627
236 664
236 306
237 372
237 637
237 832
237 395
237 668
237 290
237 443
238 576
238 494
238 626
238 362
238 977
238 728
238 722
238 900
238 374
239 877
239 947
239 251
239 933
239 853
239 427
239 895
240 629
240 723
240 758
240 418
240 697
240 983
240 420
240 776
241 326
241 887
241 790
241 996
241 428
241 673
241 764
241 547
241 786
241 542
242 385
242 748
242 261
242 605
242 806
242 986
242 484
242 434
243 550
243 522
243 606
243 541
243 456
243 755
243 545
243 600
243 962
244 882
244 788
244 381
244 933
244 687
244 246
244 703
245 893
245 351
245 555
245 279
245 496
245 284
245 802
246 426
246 936
246 725
246 358
246 409
246 496
246 418
246 587
246 809
247 416
247 425
247 493
247 987
247 406
248 879
248 628
248 729
248 987
249 658
249 976
249 362
249 661
249 924
250 785
250 424
250 519
250 492
251 873
251 439
251 789
251 581
251 792
251 841
251 934
251 743
251 450
251 923
252 807
252 694
252 331
252 350
252 779
252 860
252 946
252 981
252 958
252 431
253 947
253 877
253 333
253 552
253 745
253 560
253 871
253 557
253 591
253 779
254 357
254 364
254 873
254 696
254 719
254 940
254 426
255 338
255 666
255 640
255 326
255 638
255 590
255 715
255 693
256 932
256 352
256 609
256 656
256 786
257 978
257 909
257 604
257 620
257 487
257 261
257 722
257 497
257 544
257 751
257 821
257 422
257 480
257 691
257 752
257 529
258 607
258 523
258 544
258 437
259 492
259 697
259 371
259 265
259 406
259 601
259 797
260 805
260 742
260 906
260 312
261 496
261 484
261 713
261 547
261 508
261 708
261 990
262 459
262 902
262 958
262 869
262 676
262 413
263 435
263 310
263 331
263 343
263 395
263 379
264 887
264 657
264 971
264 836
264 850
264 593
264 562
264 720
264 807
265 864
265 613
265 993
265 806
265 798
265 380
266 392
266 895
266 333
266 855
266 440
266 751
266 325
266 401
267 716
267 432
267 689
267 840
267 820
267 803
267 647
268 534
268 711
268 345
268 569
269 904
269 463
269 366
269 928
270 934
270 515
270 397
270 908
270 809
270 740
270 501
270 737
271 773
271 327
271 564
271 657
271 851
271 969
271 677
271 393
271 750
271 885
271 760
272 392
272 619
272 759
272 863
272 312
272 722
273 303
273 787
273 324
273 678
273 938
273 402
274 322
274 741
274 540
274 825
274 557
274 885
274 382
274 354
274 499
274 505
274 598
274 344
274 812
274 608
274 675
274 956
274 527
274 643
274 596
274 869
275 441
275 276
275 896
275 452
275 612
275 690
276 939
276 935
276 445
276 730
276 688
276 926
276 764
276 856
276 556
276 866
277 923
277 290
278 787
278 808
278 556
278 804
278 901
278 448
279 466
279 413
279 912
279 677
279 685
279 997
279 640
279 927
280 432
281 320
281 410
281 296
281 345
281 607
281 626
281 591
281 468
281 823
282 333
282 420
282 630
282 838
282 291
282 526
282 295
282 544
283 592
283 297
283 565
283 392
284 709
284 938
284 545
284 402
284 644
284 676
285 961
285 991
285 342
285 583
285 457
286 873
286 385
286 982
286 394
286 908
286 989
286 434
286 995
286 969
286 505
286 993
287 835
287 476
287 452
287 625
287 502
287 982
287 297
288 934
288 891
288 780
288 433
288 381
288 350
288 353
289 361
289 435
289 607
289 561
289 542
289 394
289 697
290 446
290 932
291 795
291 752
291 604
291 384
291 352
291 675
291 451
291 464
292 887
292 533
292 832
292 607
292 897
292 715
292 590
292 822
292 386
292 770
292 550
293 564
293 297
293 596
293 378
294 898
294 830
294 465
294 862
294 743
294 477
295 305
295 851
295 989
295 643
295 406
295 365
296 476
296 830
296 496
296 345
296 435
296 376
296 525
297 958
297 785
297 733
297 900
297 697
297 613
297 925
298 714
298 854
298 802
298 322
298 787
298 870
298 301
298 921
298 922
298 975
298 449
298 815
298 371
298 881
298 737
298 614
299 863
299 300
300 783
300 503
300 324
300 902
300 714
300 362
301 854
301 516
301 596
301 309
301 811
301 822
301 808
301 950
302 625
302 987
302 766
302 521
302 402
302 570
302 602
302 540
303 857
303 425
303 723
303 476
304 850
304 586
304 338
304 453
304 393
304 770
304 310
304 917
304 903
304 842
305 824
305 370
305 435
305 584
305 676
305 438
305 571
305 985
306 547
306 815
306 520
306 797
306 872
306 639
306 752
306 890
307 654
307 807
307 937
307 606
307 992
307 644
307 492
307 470
308 589
308 962
308 381
308 601
308 408
308 531
309 993
309 328
309 863
309 360
309 733
310 727
310 554
310 593
310 943
310 686
310 789
310 594
310 523
311 378
311 543
311 680
311 441
311 313
311 912
311 360
312 808
312 541
312 489
312 405
312 651
312 505
312 537
312 979
313 351
313 845
313 738
313 329
313 625
314 918
314 464
314 761
314 521
315 378
315 907
315 682
315 729
316 994
317 370
317 990
317 885
317 906
317 394
317 637
318 927
318 502
318 444
318 902
318 958
318 715
318 577
318 361
318 942
319 497
319 662
319 894
319 852
319 615
319 330
319 866
319 653
319 446
320 719
320 410
320 356
320 640
320 768
321 534
321 508
321 334
321 545
322 920
322 923
322 820
322 486
322 497
322 896
322 651
322 585
323 743
323 927
323 765
323 782
323 824
323 866
324 832
324 446
324 771
324 488
325 694
325 462
325 349
325 776
325 677
325 520
325 399
325 549
325 582
326 930
326 381
326 809
326 630
326 966
326 987
327 626
327 460
327 928
327 828
327 571
327 757
328 540
328 873
328 532
328 552
328 404
328 340
328 439
329 767
329 411
329 969
329 560
330 604
330 878
330 650
330 729
330 392
331 975
331 681
331 340
331 722
331 431
331 440
331 891
332 776
332 990
332 384
332 610
332 961
333 446
333 484
333 731
333 654
333 749
333 456
334 849
334 786
334 969
334 707
335 501
335 836
335 451
336 381
336 719
336 617
336 532
336 484
337 475
337 488
337 734
337 554
337 370
337 929
338 652
338 978
338 980
338 525
338 692
338 492
338 822
339 516
339 359
339 739
339 683
339 926
339 509
340 986
340 829
340 756
340 976
340 856
340 938
340 587
340 842
340 772
340 588
340 609
341 797
341 432
341 944
341 778
341 772
341 970
341 507
341 539
341 366
342 480
342 539
342 361
343 516
343 616
343 710
343 796
343 704
343 919
343 787
343 829
343 557
344 714
344 716
344 474
344 758
345 556
345 815
345 666
345 524
345 466
346 737
346 518
346 631
346 403
346 857
346 626
347 716
347 943
347 948
347 621
347 853
347 712
347 809
347 740
347 477
347 836
347 392
348 755
348 407
348 474
348 915
348 551
348 461
349 699
349 996
349 530
349 765
349 807
349 600
349 490
350 836
350 801
350 931
350 777
350 483
351 518
351 772
351 971
351 610
351 711
351 444
352 375
352 412
352 729
352 457
352 529
352 844
352 536
353 966
353 544
353 875
353 710
353 683
353 784
353 751
353 537
353 566
353 971
353 514
353 718
353 722
354 866
354 626
354 547
354 432
354 473
354 568
354 538
354 883
354 664
355 921
355 911
355 382
356 502
356 447
356 465
356 864
356 590
356 701
356 574
357 745
357 983
357 610
357 582
357 978
357 927
358 905
358 600
358 369
358 505
358 955
358 381
358 795
359 753
359 487
359 578
359 519
359 614
359 435
359 515
359 407
359 619
360 870
360 925
360 809
360 406
360 471
361 750
361 786
361 926
361 575
361 784
361 573
361 439
362 458
362 678
362 414
362 691
362 817
363 974
363 589
363 862
363 684
363 723
363 816
363 809
363 935
364 560
364 720
364 549
364 880
364 842
364 953
364 752
365 701
365 906
366 594
366 917
366 820
366 989
366 753
366 399
367 761
367 728
367 773
367 717
367 600
368 771
368 687
368 866
368 481
368 477
368 849
368 994
368 677
369 547
369 944
369 441
369 379
369 725
369 680
369 976
369 665
369 378
369 692
369 788
369 784
370 512
370 500
370 475
370 931
370 746
371 727
372 603
373 580
373 963
373 626
373 411
373 796
373 986
374 536
374 583
374 852
374 447
375 412
375 608
375 627
376 643
376 975
376 471
376 734
377 446
377 489
377 666
377 918
377 382
377 403
377 563
377 971
377 902
377 874
378 497
378 772
378 936
378 841
378 507
378 768
378 553
378 739
378 664
379 569
379 861
379 960
379 948
379 882
380 421
380 544
380 911
380 437
381 468
381 962
381 707
381 780
381 642
381 609
381 858
381 723
381 516
381 984
382 742
382 934
382 862
382 502
382 503
383 788
383 828
383 457
383 679
383 595
383 871
384 688
384 498
384 564
384 956
384 861
384 969
385 676
385 662
385 852
385 485
385 541
385 560
385 579
387 578
387 449
387 573
388 743
388 926
388 420
388 507
388 795
388 749
388 456
388 470
389 974
389 644
389 565
390 535
390 788
390 633
390 611
390 530
391 514
391 435
391 639
391 807
391 589
391 983
391 999
391 927
391 771
392 969
392 780
392 503
392 597
392 643
393 709
393 711
393 489
393 957
394 846
394 641
394 621
394 708
394 493
394 518
394 925
394 442
394 817
395 666
395 717
395 683
395 631
395 533
395 859
395 558
395 780
396 640
396 927
396 457
396 602
396 745
396 658
397 618
397 459
397 527
397 909
397 811
397 504
397 438
398 899
398 927
398 467
398 689
398 533
398 929
398 460
399 434
399 447
400 845
400 443
400 566
401 996
401 429
401 589
401 739
401 474
401 632
402 424
402 682
403 936
403 453
403 949
404 795
404 511
404 711
404 881
404 953
404 647
405 977
405 859
405 940
405 422
405 981
405 569
405 665
405 627
405 709
405 868
406 790
406 700
406 553
406 780
407 671
407 806
407 851
407 697
407 699
407 634
407 417
407 570
408 632
408 600
408 440
408 664
408 725
408 465
409 602
409 989
409 498
409 447
410 445
410 489
410 680
410 951
410 899
410 629
410 649
410 671
411 416
411 630
411 429
411 757
411 823
412 701
412 508
412 927
412 710
412 606
413 887
413 582
413 444
413 786
413 614
413 932
413 545
413 438
414 534
414 769
414 546
414 713
414 427
414 554
414 750
414 521
414 924
414 442
414 745
415 871
415 737
415 451
415 430
415 523
415 495
415 981
415 491
415 646
415 474
416 850
416 707
417 877
417 772
417 787
417 860
417 686
417 940
418 738
418 631
418 584
418 943
418 513
418 791
419 435
419 592
419 458
419 626
419 548
419 803
420 749
420 602
420 662
420 544
420 459
420 591
421 950
421 851
421 762
421 575
421 914
421 806
421 662
422 822
422 426
422 545
423 940
423 984
423 548
423 814
424 830
424 460
424 793
424 719
424 611
425 601
425 690
425 754
425 944
425 702
425 439
425 614
425 787
426 798
426 567
426 820
426 573
426 709
427 542
427 584
427 815
427 704
427 902
428 669
428 965
428 974
428 677
428 485
428 902
428 609
429 987
429 714
429 712
430 794
430 582
430 882
430 695
430 463
430 890
430 643
431 620
431 884
431 906
431 537
431 737
431 956
431 939
432 773
432 450
432 719
432 755
433 800
433 572
433 966
433 872
433 516
434 861
434 668
434 622
434 869
434 580
435 914
435 672
435 864
435 955
435 556
435 911
435 611
436 476
436 894
436 733
436 530
436 849
436 771
436 642
436 853
436 569
437 972
437 930
437 850
438 953
438 649
439 733
439 549
439 648
439 820
439 620
439 548
439 488
440 727
440 596
440 883
440 566
440 810
440 777
441 601
441 941
441 559
441 892
441 905
441 984
441 564
442 713
442 804
442 923
442 582
442 764
442 998
442 676
443 475
443 850
443 740
444 939
444 567
444 862
444 967
444 830
444 648
445 825
445 550
445 737
445 624
446 727
446 996
446 726
446 718
447 814
447 706
447 600
447 959
447 775
447 478
447 967
448 536
448 896
448 992
448 449
449 762
449 457
449 777
449 824
449 477
449 775
450 654
450 751
450 599
450 502
450 772
451 572
451 808
451 801
451 895
451 886
452 495
452 562
452 775
452 929
452 492
453 565
453 764
453 968
453 762
454 470
454 817
454 476
454 735
454 675
454 951
455 990
455 485
455 847
455 493
455 771
455 569
455 956
456 820
456 740
456 861
456 670
456 694
457 873
457 626
457 749
458 938
458 849
458 479
458 728
458 708
459 476
459 715
459 830
459 573
460 524
460 636
460 925
460 989
460 858
460 567
460 533
460 641
461 702
461 578
461 719
461 734
462 877
462 771
463 670
463 998
463 890
463 521
463 697
463 962
463 778
464 903
464 557
464 971
464 945
464 799
465 949
465 854
465 932
465 874
465 708
466 758
466 621
467 625
467 920
467 913
468 727
468 741
468 897
468 705
468 604
468 641
468 669
468 792
469 738
469 995
469 541
469 907
469 577
469 880
470 552
470 858
470 820
470 875
470 966
470 984
471 848
471 993
471 791
471 628
471 735
471 482
471 849
472 629
472 695
472 479
472 487
472 792
472 809
473 960
473 959
473 554
473 619
474 844
474 914
474 648
474 588
475 670
475 843
475 704
476 574
476 790
477 642
477 994
477 583
477 960
477 605
477 619
477 992
478 925
478 890
478 894
479 947
479 920
479 777
479 859
479 738
479 783
479 694
479 645
479 599
479 933
479 708
479 621
480 954
480 574
480 854
480 511
480 786
480 654
480 565
480 710
480 894
481 753
481 996
481 768
481 486
481 733
481 928
481 666
482 599
482 881
482 624
482 676
482 692
482 483
482 803
482 858
483 772
483 559
483 770
483 811
483 740
483 538
484 977
484 587
484 825
485 746
485 972
485 990
485 949
485 954
485 947
485 737
486 596
486 911
486 866
487 797
488 714
488 920
488 913
488 857
488 511
489 940
489 859
489 805
489 578
489 700
489 808
489 581
489 704
490 538
490 936
490 788
490 525
490 674
490 524
490 678
490 882
491 773
491 506
491 494
491 593
492 605
492 956
492 821
492 613
492 810
492 986
492 758
493 923
493 965
493 567
493 632
493 551
494 717
494 516
494 716
494 715
494 498
495 727
495 646
495 981
495 632
495 984
495 688
496 994
496 550
496 834
497 604
498 731
498 591
498 704
498 703
498 914
498 557
498 647
499 619
499 576
499 903
499 621
499 982
500 525
500 776
500 987
500 580
500 802
501 699
501 847
502 909
502 728
503 928
503 925
503 604
503 777
503 586
503 939
504 696
504 993
505 668
505 889
505 734
505 997
505 917
505 918
506 971
507 922
508 704
508 789
508 985
508 855
509 731
509 925
509 569
509 989
509 668
509 742
510 949
510 613
510 588
510 776
510 683
511 718
511 593
511 523
511 902
511 521
511 630
511 689
511 834
511 531
511 728
511 747
511 917
512 605
512 681
512 516
512 575
512 900
513 791
513 553
513 956
513 928
513 597
514 658
514 689
514 750
515 672
515 687
515 833
515 737
515 666
515 709
515 916
515 680
515 615
516 935
516 859
517 628
517 841
518 692
518 902
518 570
518 752
519 614
519 586
519 648
519 943
519 709
519 900
520 632
520 820
520 956
520 567
520 784
520 891
520 621
520 618
521 612
521 837
521 749
521 984
521 866
521 524
522 731
522 838
522 766
523 927
523 964
523 985
523 613
524 779
524 868
525 849
525 802
525 879
525 869
526 702
526 684
526 964
527 917
527 567
527 705
527 994
527 553
527 960
528 799
528 790
528 671
529 536
529 727
530 599
530 981
530 866
531 754
531 532
531 897
531 671
531 877
531 794
531 747
531 539
531 551
532 649
533 917
533 977
533 942
533 687
534 948
534 548
534 657
534 617
535 557
535 758
535 573
535 968
535 875
535 902
536 948
536 908
536 893
536 836
536 788
536 882
538 891
538 670
538 862
538 792
538 993
538 963
539 901
539 935
539 573
539 770
539 560
539 936
540 992
540 749
540 804
540 823
540 727
540 602
540 712
540 562
540 807
540 580
541 643
541 969
541 975
541 875
542 769
542 873
542 805
542 881
542 594
543 662
543 713
543 831
543 718
544 981
544 651
544 920
544 718
544 691
544 612
545 983
545 911
545 586
545 791
546 972
546 922
546 930
546 841
546 991
547 600
547 830
547 855
547 803
547 958
547 800
547 973
547 834
547 738
547 608
548 842
548 869
548 684
548 735
548 567
548 549
548 901
548 671
549 708
549 662
549 944
549 687
550 906
551 891
551 769
551 657
551 827
551 773
551 984
551 826
552 865
552 628
553 644
553 728
553 822
553 617
554 995
554 879
554 588
554 638
554 837
554 835
554 711
554 960
554 937
554 648
554 893
555 681
555 629
555 638
555 799
556 825
556 881
557 587
557 896
558 898
558 740
558 560
558 974
558 636
558 856
558 831
558 876
559 777
559 762
559 669
560 561
560 648
560 729
560 643
560 744
560 847
560 605
561 609
561 583
561 944
562 778
562 876
562 832
562 748
563 791
563 681
563 760
564 963
564 972
565 928
565 668
565 637
565 678
566 895
566 876
566 724
566 981
567 693
567 738
568 955
568 630
568 745
569 665
569 707
569 617
569 886
569 579
570 914
571 845
571 806
572 753
572 701
573 690
573 826
573 805
573 946
573 758
573 602
573 978
573 787
574 800
574 757
574 691
575 581
575 875
576 877
576 608
576 934
576 760
576 587
576 878
577 741
577 591
577 819
577 870
578 827
578 846
578 639
578 947
579 962
579 684
580 670
580 734
581 845
581 689
581 598
582 999
582 767
582 661
582 696
582 913
582 849
582 685
583 638
583 831
583 963
583 585
583 939
583 958
583 941
583 813
583 651
583 917
584 960
584 910
584 999
584 745
584 916
585 958
585 887
585 819
585 937
585 658
586 755
586 721
586 959
587 954
587 914
587 784
587 949
587 779
588 919
588 827
588 885
588 730
589 837
589 688
589 949
590 681
590 966
590 853
591 783
591 853
591 878
591 641
592 772
592 632
592 609
592 675
592 655
593 624
593 601
593 656
593 968
593 997
594 921
594 647
595 958
595 602
595 933
596 949
596 986
596 690
597 984
597 649
597 860
598 727
598 871
598 978
598 971
599 745
599 828
599 885
600 773
600 758
600 613
601 992
601 731
601 673
601 795
602 796
602 825
602 892
602 808
603 835
603 876
603 776
603 963
603 938
603 941
603 627
603 935
603 641
603 869
604 622
604 793
605 707
605 786
605 746
605 934
606 776
606 904
606 702
606 651
607 836
607 798
607 805
608 902
608 879
608 620
608 801
609 712
609 648
609 624
610 898
610 812
610 815
610 774
610 875
611 759
611 663
611 786
611 939
611 837
612 840
612 956
612 634
613 797
613 617
613 902
613 777
613 985
614 996
615 624
615 737
615 824
615 689
616 928
616 937
616 702
617 768
617 890
617 839
617 757
617 671
617 684
617 891
618 816
618 624
618 817
618 709
618 939
618 854
618 879
619 877
620 855
620 898
620 918
620 731
621 777
621 890
622 634
622 857
622 998
623 846
623 952
623 927
623 717
623 754
623 634
624 712
624 862
624 992
625 645
625 917
625 944
625 824
625 661
625 734
625 844
625 807
626 907
626 794
626 887
626 767
626 795
626 632
627 773
627 863
627 630
627 648
627 754
628 836
628 710
628 928
629 890
629 913
629 744
629 884
629 954
630 768
630 804
630 952
630 751
631 727
631 752
631 952
631 835
631 872
631 768
632 686
632 688
632 783
632 667
632 963
633 747
633 676
633 791
633 702
633 807
633 886
634 872
634 769
634 788
634 776
634 808
634 883
635 774
635 692
635 712
635 885
635 954
635 897
636 892
636 841
637 782
637 926
638 916
639 777
639 873
640 823
640 953
640 803
641 891
641 989
642 806
642 704
642 705
643 966
644 749
644 753
644 673
644 993
644 808
645 655
645 770
645 874
645 745
645 704
646 984
646 772
646 800
646 869
646 982
646 757
646 913
646 755
647 724
647 706
647 922
648 663
648 992
648 821
648 834
648 809
649 765
649 845
649 900
649 992
650 823
650 665
650 674
651 773
652 844
653 960
653 735
654 909
654 856
655 674
655 889
656 714
656 984
656 812
656 884
657 880
657 869
657 923
657 931
657 806
658 712
658 709
658 775
658 952
659 920
659 904
660 892
660 764
660 663
660 849
660 987
661 718
661 875
661 876
662 816
662 757
663 665
663 726
663 664
663 853
663 893
663 927
663 977
663 795
663 695
664 949
664 860
664 883
664 726
665 666
665 933
666 958
666 847
666 780
668 874
670 978
670 807
670 941
670 739
670 932
670 702
670 762
671 875
671 886
671 985
671 971
671 990
672 742
672 709
672 886
673 801
673 772
673 904
673 860
674 692
674 768
674 969
674 964
674 893
675 772
675 937
675 902
675 822
675 682
675 828
675 884
675 861
676 770
676 987
676 835
676 954
677 813
677 827
677 875
677 784
677 785
678 772
678 921
678 742
678 946
678 686
679 946
679 744
679 998
680 737
680 750
680 950
680 738
681 972
681 911
681 996
681 899
682 933
682 927
682 693
683 934
683 790
683 982
683 801
683 925
683 842
683 930
684 902
684 821
685 934
685 905
685 730
685 846
687 932
687 924
687 717
687 694
687 850
687 764
688 802
688 719
688 911
688 882
689 916
689 862
689 893
689 734
689 972
689 864
690 924
690 993
692 823
692 963
693 731
693 756
694 900
694 727
694 884
694 865
694 770
695 864
696 750
696 944
697 847
697 768
697 714
697 906
697 936
698 908
698 742
698 827
698 873
699 705
700 785
700 860
700 978
701 916
701 809
702 880
702 828
702 912
702 963
703 980
703 838
703 774
703 908
704 719
704 800
704 993
705 919
705 807
706 968
707 988
707 902
707 718
708 927
708 977
708 868
708 787
709 711
709 734
711 989
711 969
712 874
712 979
712 764
712 784
713 819
713 740
714 973
714 720
714 852
714 850
716 959
717 906
717 818
717 778
718 979
718 843
718 940
718 726
718 962
718 988
719 818
719 817
720 761
720 904
720 809
720 722
720 953
720 871
721 873
721 865
721 754
722 934
722 939
722 850
722 867
722 797
723 750
723 881
723 875
724 739
724 887
725 991
726 803
726 773
727 987
727 973
728 996
728 754
728 731
729 767
729 869
730 930
730 940
731 933
731 981
732 906
732 794
733 951
733 889
733 763
733 779
733 791
734 987
734 752
734 798
736 978
736 881
736 854
737 760
738 868
738 916
738 971
739 993
739 902
739 755
739 852
739 740
739 982
740 779
740 832
741 840
742 773
743 826
743 907
743 986
743 961
743 958
744 804
745 797
745 976
745 998
745 844
746 858
746 973
747 905
747 835
747 952
748 968
748 965
748 988
749 939
750 831
750 840
750 975
750 806
750 802
751 760
751 782
752 929
752 795
754 785
754 862
754 894
754 952
754 804
755 785
756 794
756 821
757 848
757 892
758 899
758 930
758 817
758 818
758 763
758 796
759 920
759 984
759 948
759 960
760 923
761 784
761 979
762 916
762 829
762 974
763 848
763 994
763 921
763 990
763 927
764 903
764 833
764 926
766 838
768 905
768 774
769 839
770 885
771 920
774 975
774 842
775 912
775 964
775 974
775 839
776 988
776 785
776 895
777 811
777 900
777 810
777 801
778 791
778 855
778 925
779 949
779 973
780 794
780 848
780 868
781 815
782 806
782 857
782 811
782 873
784 823
784 839
784 843
785 988
785 806
785 974
785 910
786 991
786 862
787 978
787 935
789 804
789 907
789 941
790 889
790 903
790 875
790 807
790 924
791 793
791 990
792 901
792 924
793 972
793 986
793 799
795 827
795 839
795 844
796 876
797 929
798 929
798 932
798 901
798 817
799 907
799 871
799 878
800 834
801 941
801 939
801 865
801 862
801 823
801 904
803 961
804 965
805 932
805 949
807 859
807 927
807 852
807 911
807 891
807 890
808 826
808 942
809 818
809 903
810 957
811 909
811 925
811 894
811 910
812 920
812 996
813 967
813 969
813 887
814 828
814 985
818 931
818 906
818 827
819 874
819 903
820 833
821 966
821 890
822 829
823 953
823 949
823 893
823 970
823 844
828 837
828 871
830 996
830 984
831 959
831 907
831 894
831 856
833 895
833 989
834 954
834 905
835 905
835 935
836 929
836 920
836 846
836 934
837 965
837 966
837 869
838 910
838 937
839 881
839 859
839 983
839 958
840 971
842 980
843 889
843 888
843 984
843 860
844 997
845 852
845 891
845 964
845 926
846 922
846 887
847 965
848 972
848 854
848 946
850 954
850 941
851 951
851 932
852 873
852 877
852 966
853 960
854 981
855 923
855 924
855 966
857 968
857 944
858 907
859 974
861 946
861 969
861 985
862 930
862 952
863 965
864 885
864 936
865 916
866 868
866 890
868 907
869 954
870 961
871 875
871 935
873 889
875 885
876 916
878 961
878 973
878 911
878 928
879 958
879 908
879 941
880 916
880 979
882 933
885 950
886 936
887 959
888 907
888 954
889 907
889 966
890 916
891 939
892 989
893 954
893 951
893 900
894 947
896 956
898 917
899 962
899 947
899 957
899 934
901 923
901 924
903 951
904 963
904 975
905 920
905 958
906 971
906 941
907 959
910 927
911 935
911 988
912 942
912 943
914 956
915 994
916 994
916 938
918 940
918 919
919 946
919 935
920 987
920 946
920 969
920 949
923 938
927 969
927 994
928 959
929 952
929 971
930 961
930 954
931 936
934 975
938 978
939 980
940 950
940 974
941 980
942 962
943 967
948 999
950 959
954 962
960 973
961 987
961 984
971 997
974 989
974 995
986 997
994 998
